8921483028
2272558914
8957623565
9270319283
4720211395
9318374954
6002075033
1839219236
1043292280
3135000514
7042065795
3664723562
32809525
4283119787
3413842256
8718417688
5612647502
9494098868
5484842946
8956540830
7375798064
8956540830
3946545973
5367130865
4685043492
8553152904
3810930832
3778858247
72095861
8965551532
8855296443
1154134417
338473315
5497782628
5795892641
3677272854
9203294958
3965753305
9839009558
7883425743
9203856282
1237811559
9923111911
2814725180
7933468161
3114470610
9830462703
5793841494
9718249613
4698916062
3536336965
10064435982
2328318522
3177396844
9828913873
4360082176
4684118798
1403968486
2907050311
10101633031
3376153019
7967158242
8245411118
7003992447
9044285322
5299445637
2423948078
4167748878
3460312787
2580788922
4430877850
5588148207
735859829
5123272738
3356160146
3560657501
4684788814
4254957213
